State,Region,Division,County,FIPS,GEOID,SMS Region,Year,Premature death,Poor or fair health,Poor physical health days,Poor mental health days,Low birthweight,Adult smoking,Adult obesity,Food environment index,Physical inactivity,Access to exercise opportunities,Excessive drinking,Alcohol-impaired driving deaths,Sexually transmitted infections,Teen births,Uninsured,Primary care physicians,Dentists,Mental health providers,Preventable hospital stays,Diabetic screening,Mammography screening,High school graduation,Some college,Unemployment,Children in poverty,Income inequality,Children in single-parent households,Social associations,Violent crime,Injury deaths,Air pollution - particulate matter,Drinking water violations,Severe housing problems,Driving alone to work,Long commute - driving alone,2011 population estimate,Population that is not proficient in English,Population living in a rural area,Diabetes,HIV prevalence rate,Premature age-adjusted mortality,Infant mortality,Child mortality,Food insecurity,Limited access to healthy foods,Motor vehicle crash deaths,Drug poisoning deaths,Uninsured adults,Uninsured children,Health care costs,Could not see doctor due to cost,Other primary care providers,Median household income,Children eligible for free lunch,Homicide rate,Inadequate social support
AK,West,Pacific,Aleutians West Census Area,2016,2016,Insuff Data,1/1/2014,,0.122,2.1,2.1,,0.267,0.3,7.002,0.234,0.896,0.266,,290.7,21.1,0.355,91.0,50.0,99.0,,,,,0.466,0.091,0.087,,0.289,,322.06,,,0.03,0.221,0.272,0.0,5547,0.078,1.0,0.067,,181.0,,,0.17,0.075,,,0.374,0.25,3791.0,0.185,216.0,69192,0.127,,0.287
AK,West,Pacific,Aleutians West Census Area,2016,2016,Insuff Data,1/1/2015,,0.122,2.1,2.1,0.04,0.267,0.329,6.6,0.22,0.896,0.266,,288.4,21.6,0.293,36.0,73.0,163.0,,,,,0.474,0.088,0.076,3.907,0.289,9.014,317.35,47.2,,0.026,0.207,0.347,0.0,5511,0.08,1.0,0.065,,173.7,,,0.173,0.075,,,0.314,0.176,4837.0,0.185,254.0,74088,0.133,,
AK,West,Pacific,Anchorage Borough,2020,2020,Region 22,1/1/2014,6827.0,0.125,3.3,3.0,0.06,0.157,0.257,8.185,0.205,0.872,0.185,0.289,863.1,37.7,0.183,96.0,99.0,204.0,43.8,0.73,0.56,0.718,0.703,0.054,0.128,,0.319,,840.06,66.0,,0.326,0.169,0.754,0.148,298610,0.023,0.041,0.07,164.5,339.6,5.6,51.7,0.126,0.046,8.57,15.37,0.218,0.096,6588.0,0.119,135.0,71094,0.319,6.29,0.16
AK,West,Pacific,Anchorage Borough,2020,2020,Region 22,1/1/2015,6856.0,0.125,3.3,3.0,0.06,0.157,0.268,8.0,0.18,0.92,0.185,0.268,810.4,36.7,0.198,96.0,104.0,285.0,39.86,0.76,0.56,0.73,0.71,0.05,0.102,3.806,0.309,10.984,823.16,68.7,,0.153,0.168,0.751,0.148,300950,0.023,0.041,0.07,164.5,338.1,5.7,46.4,0.125,0.046,7.45,17.08,0.227,0.123,6582.0,0.119,148.0,76362,0.334,5.6,
AK,West,Pacific,Bethel Census Area,2050,2050,Insuff Data,1/1/2014,13345.0,0.211,3.3,2.6,0.05,0.299,0.315,3.21,0.283,0.957,0.171,1.0,2222.1,80.3,0.287,98.0,121.0,734.0,143.63,0.25,,0.408,0.4,0.152,0.351,,0.293,,,153.4,,0.185,0.626,0.262,0.027,17746,0.046,0.739,0.067,166.2,443.8,11.5,180.3,0.199,0.386,,,0.394,0.124,5860.0,0.2,169.0,41722,0.668,12.77,0.477
AK,West,Pacific,Bethel Census Area,2050,2050,Insuff Data,1/1/2015,12864.0,0.211,3.3,2.6,0.05,0.299,0.324,2.8,0.292,0.957,0.171,1.0,1865.2,81.0,0.296,90.0,118.0,974.0,133.57,,,0.442,0.387,0.154,0.308,4.539,0.29,5.635,,157.3,,0.138,0.624,0.255,0.021,17758,0.04,0.739,0.059,166.2,476.9,10.1,158.8,0.2,0.386,,,0.389,0.153,5317.0,0.2,175.0,42876,0.721,18.3,
AK,West,Pacific,Dillingham Census Area,2070,2070,Insuff Data,1/1/2014,9699.0,0.121,2.7,2.3,0.05,0.386,0.318,5.892,0.288,0.596,0.143,0.5,1507.5,55.3,0.299,201.0,138.0,334.0,,,,,0.515,0.096,0.288,,0.351,,,162.1,,0.571,0.323,0.361,0.014,5034,0.044,1.0,0.082,238.6,387.2,,,0.179,0.165,,,0.384,0.147,6082.0,0.152,119.0,47498,0.636,,0.305
AK,West,Pacific,Dillingham Census Area,2070,2070,Insuff Data,1/1/2015,15057.0,0.121,2.7,2.3,0.05,0.386,0.316,5.8,0.273,0.757,0.143,0.6,1211.8,57.6,0.29,179.0,140.0,539.0,,,,,0.503,0.095,0.286,5.023,0.316,5.959,,192.6,,0.427,0.332,0.376,0.021,5010,0.042,1.0,0.079,238.6,557.3,,,0.167,0.165,,,0.367,0.154,7204.0,0.152,120.0,47930,0.69,,
AK,West,Pacific,Fairbanks North Star Borough,2090,2090,Region 22,1/1/2014,5740.0,0.11,3.5,3.0,0.06,0.194,0.291,7.526,0.225,0.692,0.2,0.385,760.1,38.1,0.211,73.0,102.0,375.0,32.73,0.8,0.57,0.676,0.691,0.062,0.132,,0.322,,,63.4,,0.015,0.198,0.722,0.15,100272,0.008,0.309,0.061,69.0,298.0,5.2,43.4,0.131,0.1,11.68,12.29,0.251,0.115,6855.0,0.129,133.0,63979,0.161,4.92,0.168
AK,West,Pacific,Fairbanks North Star Borough,2090,2090,Region 22,1/1/2015,5862.0,0.11,3.5,3.0,0.06,0.194,0.285,7.3,0.202,0.711,0.2,0.349,591.4,37.5,0.211,70.0,112.0,507.0,29.53,0.76,0.6,0.663,0.698,0.058,0.112,3.939,0.308,10.671,,60.6,,0.304,0.211,0.729,0.153,100436,0.011,0.309,0.057,69.0,304.7,4.0,38.1,0.131,0.1,10.73,11.48,0.247,0.121,6378.0,0.129,130.0,67204,0.211,4.3,
AK,West,Pacific,Haines Borough,2100,2100,Region 22,1/1/2014,,0.118,3.1,2.0,,0.141,0.296,8.192,0.227,0.844,0.16,1.0,195.8,,0.282,196.0,39.0,196.0,,0.62,0.61,,0.659,0.081,0.176,,0.196,,541.11,,,0.363,0.174,0.607,0.169,2552,0.004,1.0,0.083,,346.2,,,0.124,0.049,,,0.317,0.169,8556.0,0.117,78.0,49890,0.4,,0.169
AK,West,Pacific,Haines Borough,2100,2100,Region 22,1/1/2015,7745.0,0.118,3.1,2.0,,0.141,0.284,7.7,0.191,0.844,0.16,1.0,666.1,,0.311,196.0,39.0,386.0,,0.65,0.63,,0.526,0.079,0.178,3.153,0.348,15.674,413.84,80.0,,0.0,0.191,0.636,0.152,2592,0.003,1.0,0.082,,374.7,,,0.134,0.049,,,0.346,0.198,6270.0,0.117,39.0,55295,0.408,,
AK,West,Pacific,Juneau Borough,2110,2110,Region 22,1/1/2014,5867.0,0.115,3.5,3.0,0.05,0.175,0.26,8.342,0.17,1.0,0.209,0.375,506.8,27.2,0.204,118.0,90.0,374.0,48.23,0.84,0.67,0.72,0.748,0.049,0.11,,0.357,,460.03,65.9,,0.0,0.15,0.656,0.05,32556,0.01,0.215,0.063,94.8,286.0,,54.0,0.11,0.061,6.92,12.91,0.236,0.117,6986.0,0.103,86.0,76967,0.217,,0.165
AK,West,Pacific,Juneau Borough,2110,2110,Region 22,1/1/2015,6418.0,0.115,3.5,3.0,0.05,0.175,0.269,8.0,0.158,1.0,0.209,0.375,586.7,25.6,0.188,117.0,92.0,472.0,39.41,0.83,0.62,0.7,0.749,0.046,0.097,3.147,0.337,18.123,425.5,65.2,,0.0,0.156,0.662,0.04,32660,0.011,0.215,0.066,94.8,292.9,,40.7,0.114,0.061,5.92,15.49,0.216,0.111,6463.0,0.103,86.0,83642,0.237,,
AK,West,Pacific,Kenai Peninsula Borough,2122,2122,Region 22,1/1/2014,8656.0,0.137,3.6,3.0,0.05,0.212,0.275,7.927,0.237,0.606,0.185,0.306,275.3,30.2,0.23,78.0,61.0,72.0,51.5,0.79,0.54,0.73,0.608,0.084,0.148,,0.304,,,90.6,,0.046,0.198,0.696,0.161,56900,0.004,0.793,0.067,62.2,385.4,6.0,68.5,0.132,0.059,18.53,17.19,0.268,0.131,7872.0,0.156,97.0,60431,0.277,4.03,0.167
AK,West,Pacific,Kenai Peninsula Borough,2122,2122,Region 22,1/1/2015,6917.0,0.137,3.6,3.0,0.05,0.212,0.275,7.7,0.217,0.746,0.185,0.269,358.5,29.6,0.245,81.0,65.0,133.0,41.31,0.81,0.56,0.79,0.621,0.075,0.139,4.397,0.286,15.641,,97.1,,0.034,0.201,0.69,0.161,57147,0.003,0.793,0.066,62.2,332.4,,38.1,0.129,0.059,17.51,15.94,0.278,0.159,7129.0,0.156,94.0,61629,0.287,2.7,
AK,West,Pacific,Ketchikan Gateway Borough,2130,2130,Region 22,1/1/2014,8422.0,0.144,3.6,3.2,0.05,0.225,0.292,8.327,0.22,1.0,0.212,0.75,588.5,30.4,0.259,96.0,57.0,163.0,86.73,0.79,0.52,0.675,0.609,0.068,0.156,,0.328,,370.89,74.7,,0.943,0.192,0.592,0.09,13779,0.008,0.232,0.072,60.0,442.6,,100.1,0.138,0.009,,,0.304,0.142,9043.0,0.161,51.0,61296,0.323,,0.209
AK,West,Pacific,Ketchikan Gateway Borough,2130,2130,Region 22,1/1/2015,7269.0,0.144,3.6,3.2,0.05,0.225,0.28,8.0,0.207,1.0,0.212,0.75,508.0,29.8,0.247,94.0,58.0,219.0,50.92,0.82,0.6,0.77,0.604,0.061,0.143,3.804,0.276,19.595,351.61,83.0,,0.93,0.17,0.611,0.087,13729,0.006,0.232,0.076,60.0,389.6,,,0.141,0.009,,12.73,0.284,0.147,7968.0,0.161,66.0,62619,0.358,,
AK,West,Pacific,Kodiak Island Borough,2150,2150,Region 22,1/1/2014,6891.0,0.132,2.8,2.1,0.06,0.198,0.301,7.957,0.2,0.986,0.267,0.6,483.0,32.2,0.296,144.0,68.0,109.0,77.32,0.8,0.53,0.78,0.708,0.062,0.118,,0.341,,,55.5,,0.016,0.22,0.611,0.017,14239,0.03,0.313,0.061,,314.6,,,0.142,0.037,,,0.349,0.179,7044.0,0.134,56.0,61498,0.349,,0.246
AK,West,Pacific,Kodiak Island Borough,2150,2150,Region 22,1/1/2015,6075.0,0.132,2.8,2.1,0.06,0.198,0.315,7.8,0.212,0.986,0.267,0.75,456.5,31.8,0.277,133.0,64.0,248.0,67.31,0.82,0.57,0.8,0.659,0.056,0.098,3.856,0.337,13.344,,62.8,,0.004,0.219,0.609,0.021,14135,0.034,0.313,0.063,,291.2,,,0.137,0.037,,10.55,0.32,0.177,7249.0,0.134,50.0,64782,0.377,,
AK,West,Pacific,Lake and Peninsula Borough,2164,2164,Insuff Data,1/1/2014,,,2.8,2.6,,0.252,0.315,3.207,0.281,0.471,0.194,0.0,1199.0,52.0,0.359,0.0,0.0,59.0,,,,,0.624,0.075,0.235,,0.349,,,320.9,,0.398,0.357,0.187,0.0,1654,0.008,1.0,0.084,,615.6,,,0.161,0.459,,,0.434,0.204,7014.0,0.247,242.0,44657,0.625,,
AK,West,Pacific,Lake and Peninsula Borough,2164,2164,Insuff Data,1/1/2015,,,2.8,2.6,,0.252,0.326,2.7,0.249,0.471,0.194,0.0,1088.3,49.1,0.337,0.0,0.0,61.0,,,,,0.539,0.074,0.244,4.691,0.452,6.046,,159.1,,0.594,0.33,0.197,0.0,1648,0.009,1.0,0.082,,546.1,,,0.169,0.459,,,0.406,0.197,5153.0,0.247,182.0,43936,,,
AK,West,Pacific,Matanuska-Susitna Borough,2170,2170,Region 22,1/1/2014,6519.0,0.133,3.7,3.3,0.06,0.262,0.298,8.101,0.247,0.337,0.183,0.339,467.7,32.5,0.217,52.0,43.0,63.0,55.06,0.78,0.59,0.7,0.612,0.08,0.126,,0.237,,,79.5,,0.022,0.195,0.716,0.408,93925,0.006,0.503,0.068,39.8,338.5,4.2,50.2,0.124,0.058,14.69,16.28,0.266,0.111,7057.0,0.17,63.0,68109,0.264,4.95,0.169
AK,West,Pacific,Matanuska-Susitna Borough,2170,2170,Region 22,1/1/2015,6983.0,0.133,3.7,3.3,0.06,0.262,0.298,7.9,0.223,0.475,0.183,0.288,458.9,32.6,0.217,53.0,47.0,112.0,55.5,0.82,0.59,0.72,0.613,0.073,0.12,4.147,0.242,9.05,,79.9,,0.292,0.195,0.714,0.406,95192,0.006,0.503,0.078,39.8,356.0,4.8,48.4,0.123,0.058,11.22,18.98,0.254,0.138,6594.0,0.17,67.0,72371,0.277,4.8,
AK,West,Pacific,Nome Census Area,2180,2180,Region 22,1/1/2014,17794.0,0.164,3.7,2.4,0.07,0.401,0.356,3.28,0.255,0.16,0.19,0.857,2130.7,96.7,0.289,91.0,69.0,453.0,,0.88,0.52,0.593,0.416,0.116,0.333,,0.469,,,174.1,,0.466,0.429,0.255,0.002,9915,0.016,0.661,0.078,,671.4,12.8,163.5,0.209,0.36,15.34,,0.373,0.148,7847.0,0.131,141.0,47022,0.721,,0.387
AK,West,Pacific,Nome Census Area,2180,2180,Region 22,1/1/2015,15939.0,0.164,3.7,2.4,0.07,0.401,0.341,3.0,0.252,0.16,0.19,0.8,2854.3,94.0,0.284,101.0,61.0,586.0,101.84,0.88,0.51,0.605,0.43,0.117,0.284,5.043,0.503,8.069,,194.5,,0.316,0.401,0.235,0.003,9892,0.011,0.661,0.073,,609.3,12.2,143.3,0.203,0.36,18.1,,0.366,0.149,8058.0,0.131,162.0,46471,0.782,,
AK,West,Pacific,North Slope Borough,2185,2185,Region 22,1/1/2014,10564.0,0.2,3.3,1.7,0.07,0.453,0.356,7.944,0.274,0.647,0.147,,1189.1,100.2,0.241,21.0,49.0,,,0.4,0.32,0.575,0.545,0.053,0.179,,0.509,,921.62,106.3,,0.0,0.408,0.165,0.005,9643,0.023,0.593,0.076,,435.7,,177.6,0.142,0.038,18.2,,0.28,0.127,6898.0,0.179,62.0,69138,0.342,,0.454
AK,West,Pacific,North Slope Borough,2185,2185,Region 22,1/1/2015,8471.0,0.2,3.3,1.7,0.07,0.453,0.342,7.5,0.255,0.647,0.147,,1171.8,92.2,0.254,31.0,52.0,,105.35,0.4,0.43,0.575,0.538,0.05,0.167,3.399,0.475,9.333,813.43,92.4,,0.0,0.366,0.187,0.026,9686,0.019,0.593,0.074,,407.8,,142.0,0.148,0.038,,,0.295,0.138,6928.0,0.179,62.0,74174,0.339,,
AK,West,Pacific,Northwest Arctic Borough,2188,2188,Insuff Data,1/1/2014,13604.0,0.188,4.5,1.8,0.07,0.482,0.297,3.657,0.299,0.218,0.212,1.0,2754.4,96.0,0.292,26.0,37.0,354.0,,,,0.475,0.373,0.151,0.273,,0.424,,,195.4,,0.814,0.525,0.133,0.022,7810,0.013,0.575,0.072,,560.9,,132.9,0.209,0.323,,,0.384,0.142,11320.0,0.149,154.0,52945,0.71,,0.401
AK,West,Pacific,Northwest Arctic Borough,2188,2188,Insuff Data,1/1/2015,12342.0,0.188,4.5,1.8,0.06,0.482,0.297,3.3,0.268,0.218,0.212,0.667,2778.5,94.7,0.302,26.0,39.0,755.0,,,,0.525,0.357,0.152,0.286,4.526,0.441,10.243,,168.4,,0.854,0.538,0.146,0.003,7685,0.01,0.575,0.068,,494.7,,92.1,0.203,0.323,,,0.394,0.16,10770.0,0.149,156.0,54600,0.802,,
AK,West,Pacific,Prince of Wales-Outer Ketchikan Census Area,2198,2198,Insuff Data,1/1/2014,8689.0,0.207,4.7,2.8,0.05,0.312,0.337,6.631,0.264,1.0,0.2,0.5,,50.5,0.324,70.0,17.0,52.0,,0.58,0.45,,0.496,0.141,0.252,,0.405,,,83.6,,0.627,0.193,0.538,0.103,5751,0.001,1.0,0.076,,389.8,,,0.187,0.078,,,0.379,0.183,6114.0,0.162,174.0,44721,0.514,,0.215
AK,West,Pacific,Prince of Wales-Outer Ketchikan Census Area,2198,2198,Insuff Data,1/1/2015,9718.0,0.207,4.7,2.8,0.05,0.312,0.355,6.5,0.26,1.0,0.2,0.5,399.9,47.9,0.314,70.0,35.0,52.0,46.15,0.55,0.42,,0.443,0.128,0.241,4.528,0.41,13.911,,85.8,,0.487,0.2,0.531,0.116,5786,0.001,1.0,0.074,,464.0,,,0.174,0.078,,,0.363,0.189,7002.0,0.162,156.0,48175,0.476,,
AK,West,Pacific,Sitka Borough,2220,2220,Region 22,1/1/2014,7377.0,0.11,3.1,2.5,0.05,0.213,0.282,8.008,0.187,1.0,0.246,1.0,391.0,27.2,0.253,201.0,118.0,623.0,64.9,0.77,0.64,0.846,0.695,0.056,0.112,,0.317,,249.87,108.0,,0.005,0.194,0.56,0.03,9046,0.014,0.209,0.075,80.1,336.9,,,0.128,0.059,,19.25,0.293,0.142,8995.0,0.075,155.0,61771,0.295,,0.13
AK,West,Pacific,Sitka Borough,2220,2220,Region 22,1/1/2015,8419.0,0.11,3.1,2.5,0.06,0.213,0.288,7.7,0.172,1.0,0.246,1.0,210.0,28.4,0.253,199.0,133.0,1053.0,81.11,0.8,0.53,0.826,0.736,0.052,0.126,3.987,0.293,17.687,226.11,103.2,,0.0,0.202,0.568,0.034,9020,0.019,0.209,0.075,80.1,341.6,,,0.129,0.059,,,0.292,0.148,8989.0,0.075,155.0,66038,0.322,,
AK,West,Pacific,Skagway-Hoonah-Angoon Census Area,2230,2230,Insuff Data,1/1/2014,10398.0,0.1,2.9,1.9,,0.227,0.302,5.046,0.23,0.973,0.292,,229.7,28.5,0.302,,0.0,128.0,,0.64,0.52,,0.644,0.14,0.216,,0.377,,,151.5,,0.076,0.212,0.381,0.022,3088,0.006,1.0,0.086,,354.8,,,0.192,0.222,,,0.334,0.186,6999.0,0.152,227.0,48137,0.315,,0.207
AK,West,Pacific,Skagway-Hoonah-Angoon Census Area,2230,2230,Insuff Data,1/1/2015,6775.0,0.1,2.9,1.9,0.05,0.227,0.309,5.0,0.205,0.973,0.292,,,26.3,0.312,,0.0,191.0,,,0.5,,0.61,0.127,0.237,4.039,0.397,12.953,,128.5,,0.059,0.226,0.389,0.016,3140,0.004,1.0,0.08,270.1,328.7,,,0.174,0.222,,,0.343,0.196,5014.0,0.152,318.0,49138,0.403,,
AK,West,Pacific,Southeast Fairbanks Census Area,2240,2240,Region 22,1/1/2014,5734.0,0.154,4.0,2.2,0.06,0.216,0.317,7.112,0.227,0.198,0.145,0.444,280.4,37.3,0.271,56.0,40.0,27.0,34.58,0.85,0.54,0.643,0.605,0.112,0.187,,0.224,,,63.5,,0.282,0.225,0.623,0.137,7144,0.017,1.0,0.067,101.4,327.4,,,0.156,0.092,25.42,,0.323,0.15,6509.0,0.13,70.0,56456,0.32,,0.173
AK,West,Pacific,Southeast Fairbanks Census Area,2240,2240,Region 22,1/1/2015,7098.0,0.154,4.0,2.2,0.06,0.216,0.325,6.8,0.2,0.274,0.145,0.333,266.0,37.6,0.297,56.0,57.0,115.0,29.16,0.78,0.43,0.508,0.619,0.111,0.213,4.848,0.274,11.198,,59.7,,0.79,0.255,0.599,0.11,6985,0.02,1.0,0.067,101.4,366.7,,,0.154,0.092,22.48,,0.345,0.183,5454.0,0.13,57.0,54922,0.338,,
AK,West,Pacific,Valdez-Cordova Census Area,2261,2261,Region 22,1/1/2014,7734.0,0.172,4.4,3.4,0.04,0.232,0.283,7.593,0.238,0.468,0.218,0.5,583.4,25.5,0.244,51.0,40.0,50.0,37.29,0.86,0.54,,0.662,0.089,0.114,,0.395,,459.06,100.0,,0.01,0.194,0.669,0.077,9717,0.014,1.0,0.067,,376.6,,116.9,0.123,0.109,17.68,,0.281,0.148,8272.0,0.138,103.0,65098,0.251,,0.203
AK,West,Pacific,Valdez-Cordova Census Area,2261,2261,Region 22,1/1/2015,5754.0,0.172,4.4,3.4,0.05,0.232,0.297,7.4,0.242,0.753,0.218,0.6,648.3,24.5,0.248,72.0,41.0,61.0,44.9,0.84,0.55,0.872,0.69,0.087,0.109,4.61,0.363,18.524,343.61,72.8,,0.019,0.19,0.666,0.07,9763,0.014,1.0,0.061,,325.8,,,0.123,0.109,,,0.283,0.156,6526.0,0.138,102.0,63541,0.286,,
AK,West,Pacific,Wade Hampton Census Area,2270,2270,Insuff Data,1/1/2014,18391.0,0.25,5.6,3.5,0.06,0.361,0.276,1.542,0.272,0.978,0.092,0.5,2701.6,103.4,0.301,,,115.0,,,,0.457,0.276,0.215,0.372,,0.422,,,224.4,,0.491,0.691,0.039,0.039,7809,0.019,1.0,0.067,115.0,678.8,14.6,295.3,0.254,0.441,,,0.441,0.123,7610.0,0.308,38.0,32860,0.635,19.37,0.574
AK,West,Pacific,Wade Hampton Census Area,2270,2270,Insuff Data,1/1/2015,18440.0,0.25,5.6,3.5,0.06,0.361,0.346,1.2,0.279,0.978,0.092,0.333,2369.1,107.1,0.301,,,138.0,,,,0.439,0.263,0.221,0.424,4.014,0.411,6.403,,219.6,,0.264,0.711,0.05,0.05,7977,0.016,1.0,0.059,115.0,650.3,18.8,277.7,0.246,0.441,,,0.433,0.131,5049.0,0.308,38.0,31274,0.887,24.2,
AK,West,Pacific,Wrangell-Petersburg Census Area,2275,2275,Insuff Data,1/1/2014,9208.0,0.132,3.5,3.3,0.06,0.187,0.309,8.332,0.217,1.0,0.196,,,33.0,0.252,145.0,79.0,190.0,,0.9,0.56,0.826,0.7,0.098,0.162,,0.28,,381.38,97.2,,0.068,0.108,0.579,0.008,6247,0.01,1.0,0.077,,385.9,,,0.133,0.018,,25.3,0.29,0.147,9860.0,0.13,32.0,53745,0.437,,0.226
AK,West,Pacific,Wrangell-Petersburg Census Area,2275,2275,Insuff Data,1/1/2015,5807.0,0.132,3.5,3.3,0.06,0.187,0.301,7.9,0.2,1.0,0.196,,416.2,35.9,0.251,144.0,97.0,259.0,,0.93,0.64,,0.654,0.092,0.159,4.647,0.375,16.008,266.39,84.1,,0.068,0.113,0.572,0.016,6174,0.008,1.0,0.08,,302.1,,,0.142,0.018,,,0.285,0.156,9542.0,0.13,32.0,54624,0.43,,
AK,West,Pacific,Yukon-Koyukuk Census Area,2290,2290,Region 22,1/1/2014,16527.0,0.194,4.4,2.5,0.05,0.405,0.29,1.878,0.263,0.334,0.253,0.125,1679.6,60.2,0.363,53.0,34.0,69.0,,0.5,0.42,0.509,0.49,0.147,0.307,,0.483,,,220.3,,0.193,0.534,0.294,0.076,5770,0.005,1.0,0.082,,651.9,,,0.206,0.501,,,0.45,0.176,6852.0,0.221,191.0,33998,0.267,,0.372
AK,West,Pacific,Yukon-Koyukuk Census Area,2290,2290,Region 22,1/1/2015,16555.0,0.194,4.4,2.5,0.04,0.405,0.263,1.6,0.256,0.334,0.253,0.167,1195.8,61.5,0.368,52.0,35.0,105.0,33.43,0.69,0.56,0.526,0.466,0.148,0.301,5.635,0.512,6.932,,245.6,,0.182,0.525,0.29,0.099,5695,0.006,1.0,0.078,,653.2,,,0.197,0.501,,,0.448,0.193,6249.0,0.221,176.0,35114,0.119,,
